X0,X1,X2,X3,X4,X5,X6,X7,X8,X9,X10,X11,X12,X13,X14,X15,Y
0.378132596,0.092951136,0.02464169,0.095800855,0.012069399,0.001173414,0.018942251,0.052216914,0.11130668,0.000377169,0.005406085,0.000628615,0.096806638,0.000335261,0.084611516,0.024599782,0
0.423686196,0.073254547,0.022001509,0.079373062,0.010476909,0.001969659,0.01630207,0.066088341,0.128069734,0.000419076,0.004526025,0.000586707,0.072919286,0.00088006,0.071117258,0.028329562,0
0.429263045,0.093024924,0.021624529,0.090084275,0.009072978,0.001075847,0.014882553,0.056768872,0.102241348,0.0004662,0.003514434,0.000537924,0.067850099,0.000251031,0.080509234,0.028832706,0
0.334949495,0.10010101,0.02,0.124646465,0.002828283,0.00010101,0.011515152,0.071818182,0.118484848,0.00020202,0.001919192,0.00010101,0.092929293,0,0.095656566,0.024747475,0
0.380877798,0.076189482,0.021892729,0.117642964,0.006160593,0.000417667,0.016602276,0.059413177,0.121158331,0.001078974,0.003793812,0.000243639,0.09261773,0.000139222,0.082176047,0.019595559,0
0.483391083,0.075028875,0.023146223,0.086625087,0.006375606,0.000600601,0.011827212,0.056826057,0.109355509,4.62E-05,0.001478401,0.0001386,0.057057057,0,0.063802264,0.024301224,0
0.284453058,0.078057709,0.016472868,0.123492679,0.00796727,0.002153316,0.010658915,0.081180017,0.128014643,0.002476314,0.007751938,0.00129199,0.120585702,0.001076658,0.096145564,0.038221361,0
0.404150198,0.079127394,0.023183338,0.079051383,0.015126178,0.002204317,0.017254485,0.070006081,0.1277744,0.000380055,0.005016722,0.000456066,0.073046519,0.001444208,0.075022803,0.026755853,0
0.411994368,0.095430108,0.019969278,0.09594214,0.0109447,0.001984127,0.019073221,0.054595494,0.108550947,0.000512033,0.004736303,0.000832053,0.067268305,0.000576037,0.076740911,0.030849974,0
0.492697983,0.048705209,0.016335441,0.067901235,0.007076182,0.000376393,0.008882867,0.057512797,0.156428787,0.000301114,0.002258356,0.000301114,0.07121349,0.000150557,0.052017465,0.017841012,0
0.422039474,0.088267544,0.018092105,0.094846491,0.009649123,0.001535088,0.010307018,0.064254386,0.118859649,0.000109649,0.003618421,0.000219298,0.067105263,0.000328947,0.072149123,0.028618421,0
0.411281535,0.105230073,0.021456709,0.097183807,0.011734138,0.001802028,0.016385886,0.046601291,0.109043668,0.000460984,0.003604057,0.000838153,0.079373062,0.000335261,0.068560892,0.026108457,0
0.385404339,0.08610364,0.022951408,0.113968083,0.011583289,0.001577909,0.018504572,0.063152232,0.115079792,0.000394477,0.004016496,0.001039986,0.078429263,0.000251031,0.071651425,0.025892057,0
0.367171717,0.071313131,0.018484848,0.092222222,0.003131313,0.000606061,0.012424242,0.084242424,0.127373737,0,0.001616162,0.00010101,0.077878788,0.00030303,0.101515152,0.041616162,0
0.450314991,0.06470363,0.021544673,0.064251157,0.006926317,0.000452473,0.017159166,0.05328739,0.121332359,0.000730918,0.002227559,0.000174028,0.071281891,0.000208834,0.090390171,0.035014444,0
0.457103257,0.082189882,0.024070224,0.092815893,0.006791407,0.000600601,0.017001617,0.051282051,0.097066297,0,0.002910603,0.0002772,0.069207669,9.24E-05,0.079417879,0.019173019,0
0.380275624,0.079457364,0.018949182,0.062338501,0.009797588,0.001722653,0.012812231,0.059431525,0.120693368,0.00333764,0.005921619,0.001076658,0.085594315,0.001184324,0.099267873,0.058139535,0
0.391608392,0.105123138,0.02409547,0.099270295,0.013149894,0.001520219,0.017862572,0.05062329,0.113180298,0.001444208,0.004712679,0.001140164,0.07715111,0.000532077,0.071602311,0.026983886,0
0.368023554,0.08922171,0.026497696,0.115015361,0.011584741,0.002112135,0.017793139,0.067012289,0.11546339,0.000256016,0.003968254,0.000832053,0.078917051,0.000576037,0.072580645,0.030145929,0
0.528605842,0.101174345,0.018066847,0.079569407,0.00617284,0.001053899,0.010313159,0.031993375,0.077311051,0.000150557,0.001656128,0.000376393,0.044263776,7.53E-05,0.082580548,0.016636555,0
0.405153509,0.087280702,0.024561404,0.100657895,0.008991228,0.000548246,0.015679825,0.06502193,0.099342105,0.000438596,0.003947368,0.000438596,0.072258772,0.000109649,0.08629386,0.029276316,0
0.408473724,0.080881737,0.02321683,0.098860112,0.011021708,0.002137289,0.019151789,0.075517559,0.104559551,0.000544799,0.004316486,0.000586707,0.067471293,0.000838153,0.071033442,0.031388819,0
0.403048234,0.081298189,0.022807961,0.083342299,0.008929532,0.001219294,0.017966649,0.060211583,0.111565358,0.000645508,0.004410974,0.000502062,0.081656805,0.0004662,0.091518738,0.030410615,0
0.363434343,0.085656566,0.015252525,0.111212121,0.004040404,0.000808081,0.01030303,0.057070707,0.131616162,0.00040404,0.001919192,0.00010101,0.098686869,0,0.094343434,0.025151515,0
0.43715847,0.090216143,0.020152449,0.102328495,0.006334621,0.001392224,0.012773659,0.04559535,0.12853712,0.000243639,0.002192753,0.000348056,0.082350075,6.96E-05,0.054958059,0.015349274,0
0.454562255,0.067729268,0.024116424,0.083760684,0.006699007,0.001062601,0.016170016,0.058951259,0.120905521,0,0.002448602,4.62E-05,0.065188265,4.62E-05,0.069161469,0.029152229,0
0.336778639,0.118540052,0.016042205,0.125,0.010658915,0.004091301,0.009905254,0.061046512,0.13167528,0.000968992,0.003122308,0.001184324,0.097760551,0.000430663,0.061046512,0.021748493,0
0.389556096,0.083840073,0.022727273,0.098966251,0.012161751,0.003344482,0.017406507,0.075706902,0.110975981,0.000912131,0.005244755,0.001140164,0.06916996,0.001292186,0.071830344,0.035725144,0
0.388952893,0.078725038,0.022785458,0.083525346,0.01062468,0.000896057,0.016641065,0.064004096,0.113415259,0.000448029,0.006016385,0.000960061,0.088837686,0.000768049,0.089413722,0.033986175,0
0.435862692,0.074450467,0.027853056,0.118187293,0.009033424,0.001204456,0.017841012,0.074375188,0.109981933,0.000301114,0.002258356,7.53E-05,0.042908762,0.000150557,0.057136405,0.028380006,0
0.398903509,0.081030702,0.021052632,0.084758772,0.00997807,0.002083333,0.012719298,0.063596491,0.126754386,0.000109649,0.003070175,0.000548246,0.077850877,0.000109649,0.075,0.042434211,0
0.392842176,0.078241556,0.022378677,0.089305171,0.01081217,0.002430643,0.018397452,0.078744447,0.120191099,0.000251446,0.005154639,0.00088006,0.070614366,0.000544799,0.081049367,0.028161931,0
0.396772458,0.090478752,0.023381746,0.108804016,0.010973642,0.001291017,0.017285279,0.066810113,0.117841133,0.000107585,0.003837188,0.00068137,0.070970056,0.000394477,0.066559082,0.023812085,0
0.375757576,0.102626263,0.015252525,0.104646465,0.003636364,0.000707071,0.008888889,0.054444444,0.119292929,0.00010101,0.001919192,0,0.082424242,0.00010101,0.102424242,0.027777778,0
0.443945564,0.088510668,0.020082837,0.067453273,0.006787094,0.000522084,0.013330549,0.038564617,0.121750026,0.000174028,0.002262365,0.000278445,0.083672688,0.000939751,0.089346003,0.022380008,0
0.475814276,0.071887272,0.023608224,0.085239085,0.006837607,0.000924001,0.015523216,0.063987064,0.0996535,0,0.002956803,9.24E-05,0.060891661,0.0001848,0.068283668,0.024116424,0
0.345822567,0.107342808,0.01410422,0.069982773,0.01001292,0.001399655,0.012381568,0.04338932,0.122631352,0.001076658,0.005060293,0.000968992,0.109496124,0.003122308,0.113802756,0.039405685,0
0.388567954,0.080495591,0.022195196,0.088020675,0.011173609,0.003800547,0.016570386,0.079279416,0.111964123,0.00083612,0.005776832,0.001216175,0.073578595,0.00083612,0.083536029,0.03215263,0
0.38031234,0.098950333,0.024001536,0.105286738,0.014016897,0.001344086,0.015360983,0.070660522,0.122055812,0.000512033,0.004800307,0.000768049,0.06515617,0.00032002,0.069124424,0.027329749,0
0.449488106,0.05171635,0.026799157,0.074902138,0.008807588,0.000903342,0.017841012,0.069030413,0.096356519,0.000225836,0.003312255,7.53E-05,0.065943993,0.000451671,0.10042156,0.033724782,0
0.417653509,0.087719298,0.020175439,0.0875,0.008662281,0.001425439,0.012609649,0.073245614,0.108004386,0.000109649,0.003947368,0.000219298,0.07247807,0.000767544,0.072697368,0.032785088,0
0.433660213,0.082851396,0.022839661,0.08666499,0.010937893,0.002598273,0.013200905,0.066507418,0.118095717,0.000544799,0.003687872,0.000754337,0.06273573,0.000251446,0.066758863,0.027910485,0
0.394943518,0.076564461,0.020656267,0.094818003,0.012121212,0.001039986,0.016388739,0.062291555,0.136560875,0.000358616,0.004482697,0.000573785,0.081369912,0.000286893,0.074233459,0.023310023,0
0.342727273,0.095757576,0.020505051,0.106868687,0.003636364,0.00010101,0.017070707,0.061111111,0.110707071,0,0.001414141,0.00030303,0.096666667,0,0.107676768,0.035454545,0
0.416518743,0.098499878,0.023528593,0.098534684,0.006995928,0.000382862,0.017750861,0.053739863,0.085517385,0.000278445,0.002157948,0.000243639,0.070272528,0.000174028,0.100135742,0.025268873,0
0.475860476,0.063432663,0.021483021,0.075583276,0.006976207,0.0004158,0.014784015,0.054516055,0.116886117,0,0.003141603,4.62E-05,0.068098868,0.0001848,0.071979672,0.026611227,0
0.332041344,0.127691645,0.018949182,0.105081826,0.009582257,0.001937984,0.012919897,0.073858742,0.080426357,0.000861326,0.005275624,0.001722653,0.070951766,0.00129199,0.111864772,0.045542636,0
0.409775008,0.086956522,0.023487382,0.091137124,0.011705686,0.002964427,0.014062025,0.063621161,0.12214959,0.001216175,0.004712679,0.001140164,0.067801763,0.000684099,0.065445424,0.033140772,0
0.379864311,0.077380952,0.020801331,0.094918075,0.011904762,0.001792115,0.01843318,0.061059908,0.140681004,0.000832053,0.00390425,0.000896057,0.084037378,0.000768049,0.078341014,0.024385561,0
0.55171635,0.078063836,0.017012948,0.06044866,0.006699789,0.00052695,0.009409816,0.034929238,0.097410419,0.000225836,0.001580849,0.000451671,0.042306534,0,0.058792532,0.040424571,0
0.415789474,0.076644737,0.017763158,0.082017544,0.008333333,0.00120614,0.013377193,0.058991228,0.125109649,0.000109649,0.003947368,0.000438596,0.08004386,0.000657895,0.081688596,0.033881579,0
0.399086414,0.090269047,0.020870003,0.084234347,0.011398877,0.001760121,0.01630207,0.052007376,0.12123879,0.000838153,0.004190764,0.00071243,0.09429218,0.000377169,0.081719889,0.020702372,0
0.395122826,0.089223597,0.022736238,0.089474628,0.008642639,0.001506186,0.018791465,0.06333154,0.105361305,0.000788955,0.004231666,0.00068137,0.077855478,0.000322754,0.096216604,0.025712749,0
0.368181818,0.080909091,0.018282828,0.113737374,0.004242424,0.000606061,0.014343434,0.084343434,0.126363636,0.00010101,0.001818182,0.00020202,0.067070707,0.00030303,0.077979798,0.041515152,0
0.449340434,0.078034179,0.021579479,0.107201281,0.007239567,0.000487279,0.014931607,0.067488079,0.122306916,0.000174028,0.002192753,0.000348056,0.058194981,0.000174028,0.049493578,0.020813755,0
0.446338646,0.075952876,0.024763225,0.096142296,0.007161007,0.000600601,0.014229614,0.051004851,0.107830908,4.62E-05,0.002217602,0.0002772,0.075028875,9.24E-05,0.078863479,0.019450219,0
0.36035745,0.09496124,0.021748493,0.11089578,0.01205857,0.002691645,0.011197244,0.086993971,0.140611542,0.000430663,0.003122308,0.001184324,0.070736434,0.000215332,0.052217916,0.030577089,0
0.384463363,0.088932806,0.023791426,0.088096686,0.014214047,0.001292186,0.015810277,0.05465187,0.120325327,0.001368197,0.005016722,0.001368197,0.092353299,0.000760109,0.084600182,0.022955306,0
0.377880184,0.089797747,0.024577573,0.089285714,0.009792627,0.001728111,0.020225294,0.06938044,0.105606759,0.000704045,0.005888377,0.00108807,0.0796851,0.000960061,0.09562212,0.027777778,0
0.460102379,0.05021078,0.017690455,0.092592593,0.009409816,0.000828064,0.011818729,0.03124059,0.145814514,0.000225836,0.00203252,0.000301114,0.091915086,0.000301114,0.06812707,0.017389341,0
0.398903509,0.081030702,0.025219298,0.101644737,0.011403509,0.000657895,0.012719298,0.065241228,0.105592105,0.000219298,0.003289474,0.000328947,0.076315789,0,0.088377193,0.029057018,0
0.388735228,0.108205515,0.025731288,0.102757522,0.011273154,0.001173414,0.018020283,0.055779063,0.100704048,0.000670522,0.004316486,0.000796245,0.08205515,0.000335261,0.078409186,0.021037633,0
0.428366505,0.093921463,0.019114219,0.08359333,0.008929532,0.001219294,0.015384615,0.052716514,0.110919849,0.000788955,0.003155819,0.000896539,0.071221087,0.000430339,0.084812623,0.024529317,0
0.368181818,0.066868687,0.015959596,0.102727273,0.002525253,0.00040404,0.014343434,0.078585859,0.144343434,0.00030303,0.001919192,0.00010101,0.083232323,0.00010101,0.089090909,0.031313131,0
0.399081132,0.057986147,0.0248164,0.097420904,0.005916954,0.000661307,0.018481779,0.074275173,0.139222443,0.00031325,0.002993283,0.001044168,0.075771814,0.000243639,0.078173402,0.023598204,0
0.471563872,0.086856087,0.023007623,0.086394086,0.006652807,0.0003234,0.011919612,0.045137445,0.10972511,4.62E-05,0.001478401,0.0001386,0.068607069,4.62E-05,0.066297066,0.021806422,0
0.299203273,0.063307494,0.018303187,0.112187769,0.008613264,0.001507321,0.013458226,0.108204134,0.138565891,0.001399655,0.005921619,0.003122308,0.09086994,0.000968992,0.092054264,0.042312661,0
0.376406202,0.106871389,0.023639404,0.10451505,0.014746123,0.002584372,0.016646397,0.05784433,0.101170569,0.001064153,0.004104591,0.001368197,0.086956522,0.000304044,0.075402858,0.026375798,0
0.409306196,0.09811828,0.021185356,0.087877624,0.011072709,0.001856119,0.01734511,0.050499232,0.115143369,0.000768049,0.005056324,0.000512033,0.073028674,0.000640041,0.084549411,0.023041475,0
0.445573622,0.095829569,0.029358627,0.127371274,0.007076182,0.000376393,0.016335441,0.055028606,0.083935562,0.000301114,0.002408913,0.000150557,0.066320385,7.53E-05,0.051866908,0.017991569,0
0.415899123,0.094407895,0.023574561,0.095394737,0.00997807,0.00120614,0.012938596,0.054495614,0.112609649,0.000328947,0.003289474,0.000548246,0.074561404,0,0.07247807,0.028289474,0
0.307223959,0.082441994,0.02024025,0.125143986,0.009708738,0.001892381,0.015303604,0.071910482,0.118232681,0.002139213,0.006499918,0.001069607,0.109346717,0.000575942,0.096758269,0.031512259,0
0.257094757,0.113035113,0.013949014,0.123617124,0.005772006,0.001202501,0.011544012,0.094997595,0.122655123,0.000481,0.003607504,0.000721501,0.105098605,0,0.108465608,0.037758538,0
0.389671362,0.098423877,0.023474178,0.100100604,0.007712944,0.001509054,0.012240107,0.069919517,0.11787391,0.000335345,0.002347418,0.000838364,0.064050973,0,0.083333333,0.028169014,0
0.306226516,0.119565217,0.012614063,0.116210413,0.003757381,0.001744498,0.009259259,0.085346216,0.109366613,0.000268384,0.003220612,0.000670961,0.09366613,0.000536769,0.101583468,0.0359635,0
0.370469083,0.096481876,0.02200731,0.1111788,0.00533049,0.001142248,0.011955528,0.061833689,0.103335364,0.000304599,0.002969845,0.000380749,0.071885471,0.0001523,0.091836735,0.048735912,0
0.34005928,0.082763338,0.021431829,0.130984952,0.005813953,0.000911993,0.013109895,0.079457364,0.132580939,0,0.002051984,0.000341997,0.06748746,0.000113999,0.085727314,0.037163703,0
0.307909605,0.083635997,0.021589992,0.123688458,0.005649718,0.000605327,0.013418079,0.080407587,0.131255044,0,0.002219532,0.000504439,0.093018563,0.000201776,0.094128329,0.041767554,0
0.289952153,0.090430622,0.015119617,0.132344498,0.005358852,0.000574163,0.012727273,0.095885167,0.120478469,9.57E-05,0.002488038,0.000287081,0.086794258,0.000287081,0.107559809,0.039617225,0
0.318005033,0.084572562,0.016929764,0.124990467,0.004880653,0.000228781,0.011133989,0.083199878,0.127507054,0.000610082,0.002364066,0.000228781,0.099977122,0.000381301,0.082589796,0.042400671,0
0.355411765,0.107764706,0.022235294,0.101647059,0.006352941,0.000470588,0.010352941,0.062470588,0.125176471,0.000470588,0.002588235,0.000705882,0.07,0.000352941,0.101411765,0.032588235,0
0.339676198,0.10765349,0.014823381,0.11627418,0.003364172,0.000420521,0.012300252,0.065916737,0.102607233,0.000210261,0.001471825,0.000210261,0.078216989,0.00010513,0.103027754,0.053721615,0
0.491238911,0.079401509,0.020744141,0.088096394,0.003045416,4.41E-05,0.011034117,0.048461844,0.112239043,0,0.000882729,4.41E-05,0.049344573,0,0.079004281,0.016418767,0
0.439336045,0.082008299,0.023542463,0.100702576,0.001807798,4.11E-05,0.013558486,0.048892724,0.098730433,0,0.000739554,0,0.064176836,0,0.092320966,0.034142734,0
0.365010398,0.078877005,0.019756387,0.122103387,0.002599525,0,0.015894236,0.072378194,0.118055556,0,0.001299762,7.43E-05,0.076054664,0,0.101270053,0.02662656,0
0.332945059,0.12880994,0.019996117,0.069403999,0.008736168,0.003009124,0.011551155,0.057755776,0.076198796,0.001164822,0.004076878,0.001650165,0.062317997,0.000873617,0.149194331,0.072316055,0
0.283200327,0.097155719,0.01677921,0.11786372,0.008839779,0.00225087,0.014364641,0.087579292,0.13681195,0.000613874,0.004297115,0.001064047,0.095805197,0.000695723,0.094290976,0.038387559,0
0.301180162,0.100688997,0.020192373,0.108329354,0.010027969,0.003138004,0.017395457,0.079541579,0.127566683,0.00081861,0.004979876,0.001500785,0.088000546,0.001500785,0.090661027,0.044477795,0
0.280472838,0.10716362,0.016859376,0.101091661,0.009624701,0.003358956,0.01459854,0.082552807,0.124281377,0.001162716,0.006976294,0.001744073,0.090691816,0.001291906,0.107615787,0.050513533,0
0.266993088,0.110791091,0.016801075,0.102630568,0.012672811,0.004320276,0.018241167,0.081797235,0.124615975,0.001152074,0.006144393,0.002208141,0.092741935,0.001632104,0.106662826,0.050595238,0
0.25594949,0.112999838,0.019588797,0.101667476,0.01278938,0.007932653,0.016027198,0.083859479,0.133721871,0.001942691,0.008742108,0.0017808,0.086611624,0.002914036,0.101829367,0.051643192,0
0.265666667,0.115333333,0.027,0.095333333,0.014333333,0.003666667,0.013666667,0.089666667,0.137666667,0.000666667,0.008333333,0.003333333,0.083666667,0.001666667,0.102,0.038,0
0.322677323,0.082517483,0.014485514,0.153346653,0.004595405,0.001398601,0.008791209,0.095004995,0.118081918,0.000599401,0.003196803,0.000699301,0.079220779,0.000899101,0.072327672,0.042157842,0
0.279029029,0.05955956,0.014264264,0.232232232,0.004754755,0.001001001,0.00950951,0.104104104,0.151901902,0.00025025,0.001501502,0.00025025,0.072822823,0.000500501,0.041041041,0.027277277,0
0.24663107,0.081744216,0.013348589,0.138825324,0.005720824,0.001144165,0.012331554,0.108949911,0.123188406,0.000381388,0.003432494,0.001398424,0.093440122,0.000381388,0.110729723,0.058352403,0
0.328099746,0.076656661,0.027014546,0.096744401,0.005310552,0.001693219,0.020857385,0.086354191,0.105133533,0.000615716,0.002847687,0.000384823,0.072192719,0.001000539,0.111136766,0.063957516,0
0.254575163,0.111437908,0.009803922,0.096078431,0.005228758,0.003594771,0.009477124,0.099019608,0.129738562,0,0.002941176,0.000980392,0.096078431,0.002614379,0.092810458,0.085620915,0
0.609191131,0.057041992,0.022079772,0.074476651,0.006286387,0.001331599,0.009414096,0.039669268,0.081877864,0.000464511,0.001672241,0.000309674,0.044716958,0.000278707,0.037687353,0.013501796,0
0.489492466,0.070975416,0.02517843,0.072164948,0.005154639,0.000594766,0.01962728,0.037866772,0.10368755,0,0.001586043,0.000198255,0.057097542,0,0.094171293,0.0222046,0
0.521060276,0.053195352,0.032861293,0.029411765,0.005265069,0,0.026506899,0.023783588,0.05355846,0,0.001270879,0,0.026688453,0,0.171750182,0.054647785,0
0.466622653,0.067634977,0.030296362,0.089348592,0.007409038,0.000660211,0.019659624,0.047168427,0.121112089,7.34E-05,0.002274061,7.34E-05,0.061473005,7.34E-05,0.06594777,0.020173122,0
0.360376513,0.074630211,0.019946212,0.126176602,0.008292246,0.000896459,0.012550426,0.068354998,0.158673241,0.000448229,0.003137606,0.000448229,0.099282833,0,0.049529359,0.017256835,0
0.392928741,0.070530344,0.026972845,0.103152907,0.008018954,0.000182249,0.018042646,0.080189539,0.129761254,0,0.00346273,0,0.076362311,0,0.057955167,0.032440313,0
0.418684423,0.063761098,0.036924939,0.066585956,0.004035513,0.000201776,0.020782889,0.059725585,0.150322841,0,0.001412429,0,0.074656981,0,0.077280065,0.025625504,0
0.383857442,0.082494759,0.020440252,0.102725367,0.006603774,0.000314465,0.013102725,0.060377358,0.132704403,0.000104822,0.001886792,0,0.090356394,0.000104822,0.088050314,0.01687631,0
0.246323529,0.12237395,0.018557423,0.194152661,0.006302521,0.00105042,0.014355742,0.083508403,0.116071429,0.00070028,0.003676471,0.00052521,0.092261905,0.00017507,0.077906162,0.022058824,0
0.53480151,0.061959585,0.033965509,0.077389767,0.008312234,0.001528687,0.015095782,0.035398653,0.109444418,0.000573258,0.002149716,0.000382172,0.065399131,0.000238857,0.039984713,0.013376009,0
0.279569892,0.059139785,0.028289811,0.158858167,0.003072197,0,0.022145417,0.044290835,0.182155658,0,0.000896057,0,0.10906298,0,0.089093702,0.023425499,0
0.496718559,0.085851648,0.028388278,0.059142247,0.010989011,0.000992063,0.02014652,0.043040293,0.078907204,0.000457875,0.003586691,0.000686813,0.04739011,0.000381563,0.08501221,0.038308913,0
0.703863401,0.047011285,0.020475041,0.044916966,0.005568423,0.000542059,0.010619425,0.028507367,0.0532696,7.39E-05,0.001256591,0.000147834,0.030182822,4.93E-05,0.039102153,0.014413837,0
0.538091829,0.079865017,0.024951427,0.072911341,0.007362716,0.001227119,0.015952551,0.042028837,0.090500051,0,0.002556499,0.00020452,0.038551999,0.00010226,0.062174046,0.023519787,0
0.602941176,0.051470588,0.007352941,0.049019608,0.005514706,0.000612745,0.005514706,0.020220588,0.186887255,0.000612745,0.00122549,0,0.02879902,0,0.034313725,0.005514706,0
0.460021906,0.074844834,0.009857612,0.017402945,0.005354752,0.00109529,0.005963247,0.021419009,0.036022879,0.000486796,0.002190581,0.000851892,0.029329439,0.000973591,0.226603383,0.107581843,0
0.323529412,0.101135191,0.022114109,0.089635854,0.014816453,0.005749668,0.016511868,0.067595459,0.123323013,0.001474274,0.00678166,0.001474274,0.08536046,0.002727407,0.089046145,0.048724753,0
0.311577312,0.091297591,0.02004662,0.117249417,0.013364413,0.001631702,0.016317016,0.073892774,0.136441336,0.000543901,0.004428904,0.001554002,0.093550894,0.000854701,0.088655789,0.028593629,0
0.345263158,0.099473684,0.022631579,0.108289474,0.010921053,0.004078947,0.013947368,0.078026316,0.123947368,0.000526316,0.005921053,0.000789474,0.090131579,0.001315789,0.067894737,0.026842105,0
0.323865317,0.092904906,0.028818273,0.13716788,0.011420794,0.001834428,0.018699331,0.073317948,0.142197763,0.000828451,0.003195455,0.000710101,0.085212143,0.000414226,0.063139831,0.016273152,0
0.674811613,0.048315603,0.04005984,0.042996454,0.006593528,0.000110816,0.016068262,0.010749113,0.07862367,0,0.001440603,0,0.031083777,0,0.046708777,0.002437943,0
0.601018676,0.03820034,0.022495756,0.084465195,0.002971138,0,0.008064516,0.03820034,0.129032258,0,0.000848896,0,0.051358234,0,0.022071307,0.001273345,0
0.555959806,0.074324324,0.033697159,0.066094941,0.009009009,0.000519751,0.022435897,0.018797644,0.096586972,0,0.002425502,8.66E-05,0.051282051,0,0.062803188,0.005977131,0
0.621097235,0.065120428,0.012488849,0.053746655,0.001561106,0.000223015,0.010035682,0.024531668,0.085860839,0,0.000223015,0,0.03367529,0,0.053077609,0.038358608,0
0.578920176,0.039783002,0.022474813,0.108240765,0.003099974,0,0.008266598,0.027383105,0.150865409,0,0.000258331,0,0.026608112,0,0.03074141,0.003358305,0
0.515519568,0.063202879,0.051282051,0.096716149,0.005173189,0.000224921,0.018443545,0.028565002,0.126180837,0,0.001124606,0,0.025416104,0,0.059154296,0.008996851,0
0.408304498,0.064590542,0.054209919,0.15455594,0.002306805,0,0.022491349,0.054786621,0.139561707,0,0.001153403,0,0.058823529,0,0.037485582,0.001730104,0
0.619762846,0.05,0.041501976,0.050592885,0.007114625,0,0.020158103,0.008498024,0.066798419,0,0.002173913,0,0.038142292,0,0.083794466,0.011462451,0
0.513398961,0.06685808,0.028848783,0.09625376,0.00533224,0.000410172,0.016680339,0.032813782,0.118949959,0,0.001777413,0.000136724,0.034317747,0,0.071780148,0.012441892,0
0.342204923,0.103092784,0.021880917,0.086892489,0.009572901,0.000736377,0.016936672,0.056701031,0.113928045,0.000210393,0.004207869,0.000420787,0.088260046,0.000105197,0.122133389,0.032716179,0
0.440926641,0.059266409,0.031081081,0.087258687,0.004440154,0.00019305,0.018532819,0.045173745,0.144015444,0.00019305,0.001930502,0,0.07046332,0,0.078957529,0.017567568,0
0.501621622,0.091621622,0.027837838,0.062162162,0.003513514,0,0.017837838,0.01972973,0.108108108,0,0.002162162,0,0.051891892,0,0.101621622,0.011891892,0
0.34410509,0.102857143,0.027651888,0.086896552,0.014646962,0.004203612,0.02226601,0.062791461,0.120131363,0.001313629,0.006436782,0.001707718,0.072840722,0.000853859,0.094187192,0.037110016,0
0.23249049,0.098381443,0.014619229,0.134332811,0.008055493,0.001864698,0.012679943,0.101439547,0.14753487,0.000596703,0.003281868,0.001118819,0.105914821,0.000522115,0.095547102,0.041620049,0
0.372242647,0.08348652,0.035232843,0.141084559,0.012561275,0.00122549,0.017922794,0.054381127,0.127297794,0.000306373,0.002757353,0.000306373,0.084865196,0.000153186,0.059283088,0.006893382,0
0.316239316,0.130177515,0.014573745,0.09894806,0.006903353,0.000657462,0.012382205,0.062897217,0.097413982,0.000328731,0.003287311,0.000876616,0.080210388,0.000109577,0.119986851,0.05500767,0
0.301797793,0.102972588,0.01753293,0.15254539,0.008632965,0.000266999,0.016019936,0.041384834,0.153702385,0,0.003559986,0.000266999,0.123976504,0.000177999,0.064702741,0.01245995,0
0.365837142,0.061452514,0.020060945,0.151938378,0.006094464,0.000169291,0.013120027,0.060775351,0.146267141,8.46E-05,0.00253936,0.000423227,0.104198409,0.000169291,0.055696631,0.011173184,0
0.347926267,0.081605223,0.019009217,0.136328725,0.008736559,0.000864055,0.015360983,0.058947773,0.149001536,0.000672043,0.00249616,0.000288018,0.09811828,0.000192012,0.064516129,0.01593702,0
0.268421053,0.081922197,0.018306636,0.132723112,0.010183066,0.001716247,0.015675057,0.086842105,0.148627002,0.000572082,0.004004577,0.000800915,0.111327231,0.000572082,0.089359268,0.028947368,0
0.240915698,0.071584302,0.018895349,0.167877907,0.014898256,0.00181686,0.014171512,0.098110465,0.148982558,0.00181686,0.005450581,0.003633721,0.137354651,0.000363372,0.060319767,0.01380814,0
0.205716586,0.085748792,0.019323671,0.185990338,0.010869565,0.004025765,0.010869565,0.088969404,0.176731079,0.000805153,0.006038647,0.000402576,0.114331723,0,0.066425121,0.023752013,0
0.346475508,0.086021505,0.016427718,0.084826762,0.015830346,0.003584229,0.012544803,0.063321386,0.135304659,0.000597372,0.001493429,0.001493429,0.08213859,0.001194743,0.096475508,0.052270012,0
0.336384439,0.102116705,0.018592677,0.103546911,0.007723112,0.00228833,0.015160183,0.056922197,0.14187643,0.000858124,0.004576659,0.001144165,0.108981693,0.000286041,0.068935927,0.030606407,0
0.257161458,0.114583333,0.006510417,0.132161458,0.0078125,0.001302083,0.016276042,0.091796875,0.136067708,0,0.00390625,0.000651042,0.098307292,0.000651042,0.083984375,0.048828125,0
0.35638587,0.079347826,0.016304348,0.11875,0.003940217,0.001358696,0.008831522,0.075951087,0.121467391,0.000679348,0.004483696,0.00013587,0.085597826,0.000271739,0.096331522,0.030163043,0
0.239126117,0.110923535,0.015491559,0.170506455,0.007447865,0.000794439,0.011122145,0.074776564,0.150148957,0.00019861,0.003078451,0.000993049,0.116683217,0,0.075074479,0.023634558,0
0.277322404,0.075022769,0.02174408,0.109744991,0.004895264,0.001479964,0.015141166,0.121015483,0.139344262,0.000569217,0.002618397,0.000569217,0.059995446,0.000910747,0.099271403,0.070355191,0
0.262786596,0.12276392,0.013605442,0.080687831,0.004472159,0.001322751,0.014550265,0.079176115,0.098513479,0.000755858,0.002897455,0.000503905,0.085097002,0.001196775,0.155832703,0.075837743,0
0.200828593,0.1061021,0.01320132,0.145074082,0.00997121,0.002176813,0.012077804,0.101467594,0.144371884,0.000912857,0.005898462,0.002808792,0.117547925,0.000912857,0.091987922,0.044659785,0
0.263681082,0.109756098,0.018241443,0.089670014,0.009633122,0.00286944,0.013014962,0.085263374,0.113752818,0.0020496,0.007071121,0.00276696,0.089567534,0.0020496,0.12400082,0.066612011,0
0.173214286,0.117410714,0.015178571,0.158482143,0.011160714,0.007142857,0.008482143,0.095089286,0.116964286,0.002232143,0.00625,0.004910714,0.119196429,0.003125,0.116517857,0.044642857,0
0.169237315,0.080204234,0.009998936,0.194021913,0.004254867,0.000212743,0.009041591,0.113392192,0.179661738,0.000425487,0.002765663,0.000531858,0.117647059,0,0.088394852,0.030209552,0
0.513500624,0.041895957,0.026854501,0.054772911,0.00322841,0.000330178,0.015114829,0.044904248,0.144544721,0,0.001687578,0,0.061413163,0,0.067833297,0.023919583,0
0.568930041,0.059927984,0.050411523,0.052726337,0.009259259,0,0.026748971,0.016203704,0.078446502,0,0.00308642,0,0.040380658,0,0.079475309,0.014403292,0
0.456894189,0.08011239,0.021175987,0.090529057,0.007058662,0.001165022,0.011170504,0.057702851,0.111773575,0.000205592,0.002604167,0.000274123,0.063596491,0.000137061,0.06839364,0.027206689,0
0.354062885,0.078525899,0.021854411,0.118913707,0.007124109,0.000857036,0.016444373,0.066152445,0.117895977,0.001339118,0.004820826,0.000482083,0.102522899,0.000428518,0.086185655,0.022390058,0
0.30484375,0.10796875,0.02015625,0.1259375,0.003125,0.0009375,0.0121875,0.08046875,0.10984375,0,0.00265625,0.00015625,0.10359375,0,0.09859375,0.02953125,0
0.362402209,0.081454211,0.025540727,0.094339623,0.012195122,0.004371836,0.015876668,0.074551312,0.133916245,0.000920387,0.004832029,0.000230097,0.0890474,0.001840773,0.070639669,0.027841694,0
0.368935837,0.10485133,0.020931142,0.110719875,0.013106416,0.0021518,0.016627543,0.061619718,0.120500782,0.000586854,0.002543036,0.000586854,0.071205008,0.000782473,0.068661972,0.036189358,0
0.498251748,0.049637862,0.018231768,0.067057942,0.006181319,0.000312188,0.010114885,0.054258242,0.15521978,0.000187313,0.001685814,0,0.068431568,6.24E-05,0.055382118,0.014985015,0
0.269005848,0.102742488,0.016737245,0.119782214,0.013409962,0.004133898,0.014619883,0.083182093,0.144283122,0.000907441,0.006352087,0.001714055,0.090340795,0.001109095,0.095281307,0.036398467,0
0.617619273,0.056565895,0.031176193,0.039678791,0.008148323,0.001062825,0.018186112,0.026806802,0.064005668,0.000118092,0.001771375,0.000236183,0.027869627,0.000236183,0.071681625,0.034837034,0
0.609366958,0.054125922,0.030022302,0.073854864,0.0042889,8.58E-05,0.016898267,0.020157832,0.096843369,0,0.000772002,0,0.028735632,0,0.058757934,0.006090238,0
0.380286325,0.072980089,0.021968076,0.069277604,0.008721409,0.001151884,0.013246668,0.063929571,0.130985684,0.001810104,0.004689814,0.001316439,0.080631891,0.000740497,0.099473424,0.048790522,0
0.300625301,0.076719577,0.017316017,0.095959596,0.006012506,0.002164502,0.011063011,0.095478595,0.132996633,0.000962001,0.002886003,0.000721501,0.1002886,0.0002405,0.100769601,0.055796056,0
0.331153588,0.086016097,0.025486251,0.136653253,0.005365526,0.000335345,0.010395708,0.084171697,0.118712274,0.000167673,0.0018444,0.000670691,0.067739772,0,0.089537223,0.041750503,0
0.264761138,0.100241546,0.015834675,0.132179281,0.006307032,0.001073537,0.014090177,0.100644122,0.123590982,0.000268384,0.002281267,0.000536769,0.08252818,0.000268384,0.113392378,0.042002147,0
0.320210174,0.087572342,0.026652452,0.11658544,0.004949741,0.000685349,0.017286019,0.075159915,0.125038075,0.0001523,0.003122144,0.000456899,0.094882729,0.0001523,0.08909534,0.037998782,0
0.361605107,0.075695394,0.018581851,0.09005928,0.005357957,0.000683995,0.014591883,0.063155495,0.11753306,0.000341997,0.00376197,0.000683995,0.082307342,0.000455996,0.120155039,0.04502964,0
0.3468523,0.074858757,0.017655367,0.098466505,0.004439064,0.000403551,0.011198547,0.068401937,0.127421308,0,0.003631961,0.000302663,0.088276836,0.000201776,0.110673931,0.047215496,0
0.288899522,0.092248804,0.013014354,0.108421053,0.004593301,0.000669856,0.010717703,0.075406699,0.13492823,0.000191388,0.002488038,0.000287081,0.090909091,0.000191388,0.126507177,0.050526316,0
0.360939526,0.081674674,0.016777244,0.090978418,0.005261954,0.000305041,0.009456265,0.070769465,0.109662167,7.63E-05,0.002592847,0.000686342,0.088080531,7.63E-05,0.115381682,0.047281324,0
0.316470588,0.085411765,0.020823529,0.134235294,0.006823529,0.000588235,0.012,0.089647059,0.133294118,0.000352941,0.002470588,0.000470588,0.068352941,0.000117647,0.090705882,0.038235294,0
0.282800673,0.083788898,0.020815812,0.136459209,0.003679563,0.000315391,0.013772077,0.090622372,0.129415475,0.00010513,0.001997477,0.00010513,0.097245585,0,0.095248108,0.0436291,0
0.451780907,0.066381251,0.023966103,0.113739683,0.002030278,0,0.012358212,0.065057157,0.110605994,0,0.001015139,4.41E-05,0.053360992,0,0.074723044,0.024937106,0
0.39023789,0.070791733,0.025678951,0.117342537,0.002424093,0,0.016105838,0.063519454,0.129421915,0,0.000739554,0,0.074653848,0,0.080693537,0.028390649,0
0.366421569,0.079062686,0.018605169,0.097630719,0.002636661,0.000111408,0.014520202,0.061608734,0.136437908,7.43E-05,0.001633987,7.43E-05,0.080510992,3.71E-05,0.108177362,0.032456922,0
0.244321491,0.067462629,0.021549214,0.146864686,0.008542031,0.002814987,0.014657348,0.107843137,0.176664725,0.001650165,0.004173947,0.002329645,0.112987769,0.001456028,0.058920598,0.0277616,0
0.302312257,0.104563127,0.015060364,0.102721506,0.007530182,0.001636996,0.014200941,0.077348066,0.123224882,0.001064047,0.004542664,0.000900348,0.091958257,0.000532024,0.10926949,0.043134848,0
0.289242104,0.106828569,0.016645064,0.114059622,0.011392319,0.002455829,0.017463674,0.074834573,0.125997681,0.00109148,0.004365919,0.001773654,0.097755645,0.000886827,0.097414558,0.037792482,0
0.256895549,0.104773593,0.016859376,0.126542213,0.011368775,0.002906789,0.01556747,0.083134164,0.13842775,0.001162716,0.004909244,0.001550287,0.1060655,0.00109812,0.089593695,0.039144758,0
0.256816436,0.101478495,0.016129032,0.122599846,0.012384793,0.00374424,0.015360983,0.08640553,0.140456989,0.000384025,0.005280338,0.001728111,0.104262673,0.002112135,0.089669739,0.041186636,0
0.242674437,0.11154282,0.018131779,0.116723328,0.015703416,0.004532945,0.019912579,0.085640278,0.134855108,0.002266472,0.007123199,0.001942691,0.10231504,0.000971345,0.095191841,0.040472721,0
0.263666667,0.102,0.019,0.116666667,0.016,0.003333333,0.017333333,0.084666667,0.137333333,0.000333333,0.007333333,0.006,0.095,0.001,0.096,0.034333333,0
0.323576424,0.085614386,0.013986014,0.101398601,0.007592408,0.001498501,0.01028971,0.066033966,0.094505495,0.0002997,0.003196803,0.000799201,0.088811189,0.0003996,0.147752248,0.054245754,0
0.347847848,0.102852853,0.011011011,0.046796797,0.005255255,0.000500501,0.01001001,0.045545546,0.061811812,0.000500501,0.003503504,0.000500501,0.067567568,0.00025025,0.204204204,0.091841842,0
0.237732011,0.111873888,0.015891177,0.103483346,0.006356471,0.000762777,0.009534706,0.066997203,0.133994406,0.000381388,0.004576659,0.000889906,0.11568777,0.000762777,0.136409865,0.05466565,0
0.285923189,0.086815978,0.016085585,0.121911799,0.008773955,0.000461787,0.010698068,0.060032325,0.158162087,0.000153929,0.002847687,0.000692681,0.134841838,0.000461787,0.083121681,0.029015624,0
0.201633987,0.120588235,0.012091503,0.15130719,0.005882353,0.001633987,0.01372549,0.096405229,0.111437908,0.000653595,0.002614379,0.000326797,0.131372549,0.000326797,0.10620915,0.04379085,0
0.589062306,0.05766134,0.035860275,0.059488418,0.00997151,0.00083612,0.017527561,0.030781618,0.067663818,0.000247739,0.002322557,0.000619348,0.043726,0.000278707,0.064938685,0.019013997,0
0.468080888,0.049563838,0.022997621,0.114789849,0.00555115,0.000198255,0.016256939,0.049563838,0.139571768,0,0.000793021,0.000198255,0.057890563,0,0.05888184,0.015662173,0
0.378721859,0.041031227,0.019244735,0.167574437,0.003267974,0.000363108,0.006354394,0.043209877,0.231299927,0,0.000907771,0.000181554,0.090413943,0,0.015250545,0.002178649,0
0.456939554,0.0748973,0.028462441,0.096317488,0.006088615,0.000513498,0.016578638,0.04526115,0.115903756,0.00022007,0.00183392,0.00022007,0.065507629,7.34E-05,0.072696596,0.018485915,0
0.432093232,0.095696997,0.021290901,0.077543702,0.008740475,0.000224115,0.013895114,0.053115195,0.082698342,0.000672344,0.001792918,0,0.056028687,0.000224115,0.120797848,0.035186015,0
0.399671952,0.089666484,0.028795334,0.088937489,0.005831966,0.001093494,0.019865136,0.043921997,0.102970658,0,0.002915983,0.000546747,0.093675961,0.000182249,0.088572991,0.033351558,0
0.488297014,0.065577078,0.027845036,0.06598063,0.005044391,0.000201776,0.012711864,0.046004843,0.13559322,0,0.000807103,0,0.062953995,0,0.07102502,0.017958031,0
0.391404612,0.081551363,0.02327044,0.117295597,0.004297694,0.000628931,0.017505241,0.060587002,0.121278826,0,0.001991614,0.000209644,0.060901468,0.000209644,0.085953878,0.032914046,0
0.267156863,0.081757703,0.019082633,0.092962185,0.007703081,0.00122549,0.016806723,0.098564426,0.108193277,0.00035014,0.004901961,0.00105042,0.071953782,0.00017507,0.150910364,0.077205882,0
0.558066211,0.063058329,0.032914537,0.063918215,0.009315435,0.000716572,0.01734104,0.03692734,0.088759375,0.000143314,0.002101944,0.000191086,0.049443462,0.0003344,0.053026322,0.023742416,0
0.4093702,0.081157194,0.023553507,0.059779826,0.003072197,0.000128008,0.018689196,0.037250384,0.139784946,0,0.000640041,0,0.06515617,0,0.097926267,0.063492063,0
0.419566545,0.068986569,0.026480464,0.118971306,0.011828449,0.002213065,0.016636142,0.057005495,0.131944444,0.00030525,0.004273504,0.000610501,0.081807082,0.000534188,0.049068987,0.00976801,0
0.664687331,0.041935643,0.025082541,0.061178732,0.007243877,0.000443503,0.011802099,0.02818706,0.070098063,0.000147834,0.001059479,0.000147834,0.037623811,0.00024639,0.039397822,0.010717982,0
0.416913795,0.102055425,0.034052562,0.121484814,0.009101135,0.00061356,0.024235607,0.047244094,0.102771245,0.00020452,0.002351979,0.00030678,0.068002863,0.00010226,0.060333367,0.010225994,0
0.395833333,0.226715686,0.03370098,0.167892157,0.004289216,0,0.009803922,0.038602941,0.045955882,0.00122549,0.00122549,0,0.020833333,0,0.039828431,0.014093137,0
0.375806255,0.027869052,0.008640623,0.118413046,0.00669344,0.001216989,0.003042473,0.066447609,0.241450651,0.000243398,0.001825484,0.00109529,0.13033954,0.000121699,0.010587806,0.006206645,0
0.303110718,0.103494029,0.019828984,0.120595607,0.015774731,0.004865104,0.019239275,0.07120743,0.124133864,0.001769129,0.005970809,0.002579979,0.097744361,0.001105705,0.075261684,0.033318591,0
0.342035742,0.100932401,0.022610723,0.089355089,0.012198912,0.002486402,0.015462315,0.064180264,0.123698524,0.000854701,0.003651904,0.001243201,0.086868687,0.000932401,0.092385392,0.041103341,0
0.329078947,0.109210526,0.020921053,0.111052632,0.013026316,0.001578947,0.019736842,0.071052632,0.103421053,0.000657895,0.004868421,0.001447368,0.078026316,0.000789474,0.103026316,0.032105263,0
0.352683591,0.097520563,0.02692467,0.085567193,0.012308421,0.001479377,0.023255814,0.058938399,0.107106929,0.000769276,0.005029883,0.000946802,0.073081247,0.000414226,0.118409373,0.035564235,0
0.657302748,0.038231383,0.039616578,0.055961879,0.005817819,0.000166223,0.018838652,0.023603723,0.102449025,0,0.001828457,0,0.029199911,0,0.024268617,0.002714982,0
0.658743633,0.049235993,0.021646859,0.05475382,0.00466893,0,0.008064516,0.025466893,0.051358234,0,0.002122241,0,0.016977929,0,0.100169779,0.006791171,0
0.545391545,0.053447678,0.037075537,0.076923077,0.011434511,0.000606376,0.024341649,0.038461538,0.118589744,8.66E-05,0.002425502,0.000259875,0.04002079,8.66E-05,0.042013167,0.008835759,0
0.585191793,0.049286351,0.01984835,0.087867975,0.001784121,0.000223015,0.011150758,0.052185549,0.074933095,0,0.000892061,0,0.057983943,0,0.043041927,0.015611062,0
0.638336347,0.040041333,0.028158099,0.052957892,0.003616637,0,0.013433221,0.022733144,0.061482821,0,0.000258331,0,0.036941359,0,0.089899251,0.012141565,0
0.524966262,0.045434098,0.042959964,0.058929375,0.004048583,0,0.019793072,0.039586145,0.127980207,0,0.002024291,0,0.05802969,0,0.068376068,0.007872245,0
0.423298731,0.042675894,0.039792388,0.103229527,0.002883506,0.000576701,0.020761246,0.040369089,0.112456747,0,0.002306805,0.000576701,0.073817762,0,0.134371396,0.002883506,0
0.570355731,0.031422925,0.018972332,0.111067194,0.00256917,0,0.008498024,0.038932806,0.147628458,0,0,0,0.027667984,0,0.024505929,0.018379447,0
